Applicants,Chemical_Name,Funding_requested_for,Pharmaceutical,Priority_List,Schedules,Therapeutic_group
Medical Developments International,Methoxyflurane,Pain relief,Methoxyflurane (Penthrox),Recommended for decline,Community,Nervous System
